1:x 2:y 3:p 4:u.x 5:u.y 6:g.x 7:g.y 8:pf 9:uf.x 10:uf.y 11:f 12:predicted_ux 13:predicted_uy 14:predicted_f 15:ff
0 -3.125 0 0 0 0 0 0 0 0 0 0.0161797 -0.000136562 0.114054 0
0 -3.07617 0 0 0 0 0 0 0 0 0 0.0161784 -0.00013354 0.114054 0
0 -3.02734 0 0 0 0 0 0 0 0 0 0.0161759 -0.000127495 0.114056 0
0 -2.97852 0 0 0 0 0 0 0 0 0 0.0161736 -0.000121458 0.114057 0
0 -2.92969 0 0 0 0 0 0 0 0 0 0.0161713 -0.00011548 0.114058 0
0 -2.88086 0 0 0 0 0 0 0 0 0 0.016169 -0.000109589 0.114059 0
0 -2.83203 0 0 0 0 0 0 0 0 0 0.0161667 -0.000103646 0.11406 0
0 -2.7832 0 0 0 0 0 0 0 0 0 0.0161644 -9.76253e-05 0.114061 0
0 -2.73438 0 0 0 0 0 0 0 0 0 0.0161621 -9.16117e-05 0.114063 0
0 -2.68555 0 0 0 0 0 0 0 0 0 0.0161599 -8.55337e-05 0.114064 0
0 -2.63672 0 0 0 0 0 0 0 0 0 0.0161576 -7.93887e-05 0.114065 0
0 -2.58789 0 0 0 0 0 0 0 0 0 0.0161554 -7.32488e-05 0.114066 0
0 -2.53906 0 0 0 0 0 0 0 0 0 0.0161531 -6.71175e-05 0.114067 0
0 -2.49024 0 0 0 0 0 0 0 0 0 0.0161511 -6.09872e-05 0.114068 0
0 -2.44141 0 0 0 0 0 0 0 0 0 0.0161491 -5.48581e-05 0.11407 0
0 -2.39258 0 0 0 0 0 0 0 0 0 0.0161471 -4.84224e-05 0.114071 0
0 -2.34375 0 0 0 0 0 0 0 0 0 0.0161452 -4.18786e-05 0.114072 0
0 -2.29492 0 0 0 0 0 0 0 0 0 0.0161433 -3.56835e-05 0.114073 0
0 -2.24609 0 0 0 0 0 0 0 0 0 0.0161413 -2.96937e-05 0.114074 0
0 -2.19727 0 0 0 0 0 0 0 0 0 0.0161394 -2.38372e-05 0.114075 0
0 -2.14844 0 0 0 0 0 0 0 0 0 0.0161375 -1.80985e-05 0.114077 0
0 -2.09961 0 0 0 0 0 0 0 0 0 0.0161356 -1.23906e-05 0.114078 0
0 -2.05078 0 0 0 0 0 0 0 0 0 0.0161338 -6.66489e-06 0.114079 0
0 -2.00195 0 0 0 0 0 0 0 0 0 0.0161319 -8.29116e-07 0.11408 0
0 -1.95313 0 0 0 0 0 0 0 0 0 0.0161301 5.05224e-06 0.114081 0
0 -1.9043 0 0 0 0 0 0 0 0 0 0.0161283 1.07402e-05 0.114082 0
0 -1.85547 0 0 0 0 0 0 0 0 0 0.0161265 1.6284e-05 0.114084 0
0 -1.80664 0 0 0 0 0 0 0 0 0 0.0161248 2.18205e-05 0.114085 0
0 -1.75781 0 0 0 0 0 0 0 0 0 0.0161231 2.74035e-05 0.114086 0
0 -1.70899 0 0 0 0 0 0 0 0 0 0.0161214 3.30879e-05 0.114087 0
0 -1.66016 0 0 0 0 0 0 0 0 0 0.0161197 3.85504e-05 0.114088 0
0 -1.61133 0 0 0 0 0 0 0 0 0 0.0161181 4.38257e-05 0.114089 0
0 -1.5625 0 0 0 0 0 0 0 0 0 0.0161165 4.91676e-05 0.11409 0
0 -1.51367 0 0 0 0 0 0 0 0 0 0.016115 5.44462e-05 0.114092 0
0 -1.46485 0 0 0 0 0 0 0 0 0 0.0161135 5.95232e-05 0.114093 0
0 -1.41602 0 0 0 0 0 0 0 0 0 0.0161121 6.3803e-05 0.114094 0
0 -1.36719 0 0 0 0 0 0 0 0 0 0.0161108 6.74441e-05 0.114095 0
0 -1.31836 0 0 0 0 0 0 0 0 0 0.0161095 7.11283e-05 0.114096 0
0 -1.26953 0 0 0 0 0 0 0 0 0 0.0161084 7.49281e-05 0.114097 0
0 -1.22071 0 0 0 0 0 0 0 0 0 0.0161073 7.87236e-05 0.114099 0
0 -1.17188 0 0 0 0 0 0 0 0 0 0.0161063 8.23866e-05 0.1141 0
0 -1.12305 0 0 0 0 0 0 0 0 0 0.0161054 8.59219e-05 0.114101 0
0 -1.07422 0 0 0 0 0 0 0 0 0 0.0161046 8.93873e-05 0.114102 0
0 -1.02539 0 0 0 0 0 0 0 0 0 0.0161039 9.28785e-05 0.114103 0
0 -0.976565 0 0 0 0 0 0 0 0 0 0.0161033 9.64331e-05 0.114104 0
0 -0.927737 0 0 0 0 0 0 0 0 0 0.0161029 0.000100009 0.114106 0
0 -0.878908 0 0 0 0 0 0 0 0 0 0.0161026 0.000103391 0.114107 0
0 -0.83008 0 0 0 0 0 0 0 0 0 0.0161024 0.000106441 0.114108 0
0 -0.781252 0 0 0 0 0 0 0 0 0 0.0161024 0.000109426 0.114109 0
0 -0.732424 0 0 0 0 0 0 0 0 0 0.0161024 0.000112597 0.11411 0
0 -0.683596 0 0 0 0 0 0 0 0 0 0.0161026 0.000115949 0.114111 0
0 -0.634768 0 0 0 0 0 0 0 0 0 0.0161028 0.000119457 0.114113 0
0 -0.58594 0 0 0 0 0 0 0 0 0 0.0161031 0.000123163 0.114114 0
0 -0.537112 0 0 0 0 0 0 0 0 0 0.0161035 0.000126939 0.114115 0
0 -0.488284 0 0 0 0 0 0 0 0 0 0.0161038 0.000130595 0.114116 0
0 -0.439456 0 0 0 0 0 0 0 0 0 0.0161041 0.000134235 0.114117 0
0 -0.390628 0 0 0 0 0 0 0 0 0 0.0161044 0.000138004 0.114118 0
0 -0.3418 0 0 0 0 0 0 0 0 0 0.0161045 0.000142022 0.11412 0
0 -0.292972 0 0 0 0 0 0 0 0 0 0.0161044 0.000146269 0.114121 0
0 -0.244144 0 0 0 0 0 0 0 0 0 0.0161041 0.000150611 0.114122 0
0 -0.195315 0 0 0 0 0 0 0 0 0 0.0161036 0.00015479 0.114123 0
0 -0.146487 0 0 0 0 0 0 0 0 0 0.0161028 0.000158675 0.114124 0
0 -0.0976593 0 0 0 0 0 0 0 0 0 0.0161016 0.000162437 0.114125 0
0 -0.0488312 0 0 0 0 0 0 0 0 0 0.0161 0.000166192 0.114127 0
0 -3.125e-06 0 0 0 0 0 0 0 0 0 0.016098 0.000169901 0.114128 0
0 0.048825 0 0 0 0 0 0 0 0 0 0.0160956 0.000173447 0.114129 0
0 0.097653 0 0 0 0 0 0 0 0 0 0.0160928 0.000176937 0.11413 0
0 0.146481 0 0 0 0 0 0 0 0 0 0.0160896 0.000180392 0.114131 0
0 0.195309 0 0 0 0 0 0 0 0 0 0.0160861 0.000183493 0.114132 0
0 0.244137 0 0 0 0 0 0 0 0 0 0.0160823 0.000186381 0.114133 0
0 0.292965 0 0 0 0 0 0 0 0 0 0.0160783 0.000189323 0.114135 0
0 0.341793 0 0 0 0 0 0 0 0 0 0.0160741 0.000192078 0.114136 0
0 0.390621 0 0 0 0 0 0 0 0 0 0.0160698 0.000194541 0.114137 0
0 0.43945 0 0 0 0 0 0 0 0 0 0.0160654 0.000196786 0.114138 0
0 0.488278 0 0 0 0 0 0 0 0 0 0.016061 0.000198933 0.114139 0
0 0.537106 0 0 0 0 0 0 0 0 0 0.0160565 0.000201136 0.11414 0
0 0.585934 0 0 0 0 0 0 0 0 0 0.0160522 0.000203402 0.114142 0
0 0.634762 0 0 0 0 0 0 0 0 0 0.0160478 0.000205666 0.114143 0
0 0.68359 0 0 0 0 0 0 0 0 0 0.0160436 0.000207827 0.114144 0
0 0.732418 0 0 0 0 0 0 0 0 0 0.0160395 0.000209779 0.114145 0
0 0.781246 0 0 0 0 0 0 0 0 0 0.0160355 0.000211645 0.114146 0
0 0.830074 0 0 0 0 0 0 0 0 0 0.0160316 0.000213562 0.114147 0
0 0.878902 0 0 0 0 0 0 0 0 0 0.0160278 0.000215576 0.114149 0
0 0.92773 0 0 0 0 0 0 0 0 0 0.0160242 0.000217668 0.11415 0
0 0.976558 0 0 0 0 0 0 0 0 0 0.0160207 0.000219937 0.114151 0
0 1.02539 0 0 0 0 0 0 0 0 0 0.0160173 0.000222452 0.114152 0
0 1.07421 0 0 0 0 0 0 0 0 0 0.0160141 0.000225119 0.114153 0
0 1.12304 0 0 0 0 0 0 0 0 0 0.0160109 0.000227655 0.114154 0
0 1.17187 0 0 0 0 0 0 0 0 0 0.0160079 0.00022979 0.114156 0
0 1.2207 0 0 0 0 0 0 0 0 0 0.0160049 0.000231699 0.114157 0
0 1.26953 0 0 0 0 0 0 0 0 0 0.016002 0.000233442 0.114158 0
0 1.31835 0 0 0 0 0 0 0 0 0 0.0159992 0.0002351 0.114159 0
0 1.36718 0 0 0 0 0 0 0 0 0 0.0159965 0.0002368 0.11416 0
0 1.41601 0 0 0 0 0 0 0 0 0 0.0159939 0.000238505 0.114161 0
0 1.46484 0 0 0 0 0 0 0 0 0 0.0159913 0.000240205 0.114163 0
0 1.51367 0 0 0 0 0 0 0 0 0 0.0159887 0.00024185 0.114164 0
0 1.5625 0 0 0 0 0 0 0 0 0 0.0159862 0.000243473 0.114165 0
0 1.61132 0 0 0 0 0 0 0 0 0 0.0159838 0.000245077 0.114166 0
0 1.66015 0 0 0 0 0 0 0 0 0 0.0159814 0.00024641 0.114167 0
0 1.70898 0 0 0 0 0 0 0 0 0 0.015979 0.000247569 0.114168 0
0 1.75781 0 0 0 0 0 0 0 0 0 0.0159767 0.000248883 0.11417 0
0 1.80664 0 0 0 0 0 0 0 0 0 0.0159744 0.000250551 0.114171 0
0 1.85546 0 0 0 0 0 0 0 0 0 0.0159721 0.000253521 0.114172 0
0 1.90429 0 0 0 0 0 0 0 0 0 0.0159699 0.000257864 0.114173 0
0 1.95312 0 0 0 0 0 0 0 0 0 0.0159679 0.000262924 0.114174 0
0 2.00195 0 0 0 0 0 0 0 0 0 0.0159658 0.000268232 0.114175 0
0 2.05078 0 0 0 0 0 0 0 0 0 0.0159638 0.000273525 0.114177 0
0 2.0996 0 0 0 0 0 0 0 0 0 0.0159619 0.000279044 0.114178 0
0 2.14843 0 0 0 0 0 0 0 0 0 0.0159599 0.00028493 0.114179 0
0 2.19726 0 0 0 0 0 0 0 0 0 0.0159579 0.000291031 0.11418 0
0 2.24609 0 0 0 0 0 0 0 0 0 0.015956 0.00029703 0.114181 0
0 2.29492 0 0 0 0 0 0 0 0 0 0.0159541 0.000303023 0.114182 0
0 2.34374 0 0 0 0 0 0 0 0 0 0.0159521 0.000309081 0.114183 0
0 2.39257 0 0 0 0 0 0 0 0 0 0.0159502 0.000315163 0.114185 0
0 2.4414 0 0 0 0 0 0 0 0 0 0.0159483 0.000321252 0.114186 0
0 2.49023 0 0 0 0 0 0 0 0 0 0.0159464 0.000327316 0.114187 0
0 2.53906 0 0 0 0 0 0 0 0 0 0.0159446 0.000333342 0.114188 0
0 2.58788 0 0 0 0 0 0 0 0 0 0.0159427 0.000339359 0.114189 0
0 2.63671 0 0 0 0 0 0 0 0 0 0.0159408 0.000345378 0.11419 0
0 2.68554 0 0 0 0 0 0 0 0 0 0.015939 0.00035143 0.114192 0
0 2.73437 0 0 0 0 0 0 0 0 0 0.0159371 0.00035761 0.114193 0
0 2.7832 0 0 0 0 0 0 0 0 0 0.0159353 0.000364103 0.114194 0
0 2.83203 0 0 0 0 0 0 0 0 0 0.0159334 0.000371608 0.114195 0
0 2.88085 0 0 0 0 0 0 0 0 0 0.0159316 0.000379913 0.114196 0
0 2.92968 0 0 0 0 0 0 0 0 0 0.0159298 0.00038819 0.114197 0
0 2.97851 0 0 0 0 0 0 0 0 0 0.0159279 0.000396414 0.114199 0
0 3.02734 0 0 0 0 0 0 0 0 0 0.0159261 0.000404435 0.1142 0
0 3.07617 0 0 0 0 0 0 0 0 0 0.0159252 0.000408356 0.1142 0
0 3.12499 0 0 0 0 0 0 0 0 0 0.0159252 0.000408356 0.1142 0
